,B cells,Cardiomyocytes,Ccl2+ fibroblasts,"Cxcl9-high inflamed
 endothelial cells",Dendritic cells,Endocardial cells,Endothelial cells,Erythroblasts,Fibroblasts,Inflamed endothelial cells,Macrophages,Mesenchymal endothelial cells,NK cells,Neutrophils,Pericardial cells,Pericytes,Schwann cells,Smooth muscle cells,T cells
AAACAAGTATCTCCCA-1,0.01495414914478291,0.7208993557435653,0.02386044854269669,0.008324488077651373,0.007044924655818134,0.020507664329228677,0.005529748942503793,0.006182103400781773,0.11290933104935771,0.007185850417211798,0.010536071505807692,0.002976757553197839,0.004712728701959682,0.0028037011002206304,0.006211943570560697,0.007737165713960679,0.010383575447137805,0.018882132145792714,0.008357859957763877
AAACACCAATAACTGC-1,0.020553019206011287,0.40365031528707557,0.034141644888653726,0.013781982247696108,0.029277874734315215,0.2163220126681677,0.009252614598533682,0.007109414581713427,0.10817107289142644,0.013231769270481137,0.03461062747413403,0.011373700089498727,0.008734802970828936,0.004107527697342241,0.010748328422191459,0.008270821088556785,0.01557109035597494,0.026855695075314698,0.02423568645208397
AAACAGAGCGACTCCT-1,0.011582652724023796,0.7562713971155122,0.006886018222552665,0.04582424315090875,0.01448598223332537,0.0030876213266750815,0.013257852193007404,0.0019834412955901082,0.0016147821445251437,0.029589358424643393,0.0064649657888638115,0.009301688213808857,0.02465363018860058,0.006806365998414558,0.0007990440618075547,0.009719491729729106,0.0055754381240374976,0.0022433465716610794,0.049852680492313214
AAACCGGGTAGGTACC-1,0.011705564013859648,0.7921192800597594,0.015612446468520835,0.025556379304203517,0.008435275301177918,0.004586809018821795,0.011718876894695668,0.0016437626172632125,0.01087588878679394,0.0319427313168785,0.015444797466373257,0.016481707556911196,0.010630280982582906,0.00440715341554844,0.010150582449167065,0.011570364220694572,0.0030622390139569714,0.003752253189559848,0.010303607923231152
AAACCGTTCGTCCAGG-1,0.020444988406877283,0.31951992825038544,0.07091123982027459,0.004154062027425092,0.006736814910157185,0.04770308089155967,0.005261498918887022,0.0026638125898258316,0.4094885485060817,0.003763771640809154,0.033650345560167494,0.006136670037824878,0.005556028125862586,0.002177808459208544,0.01478577756919754,0.006027241845420763,0.015226144933581202,0.018988477296056565,0.006803760210397631
AAACCTCATGAAGTTG-1,0.015652561484230054,0.6674842746667525,0.0072573201303311125,0.0511993954806473,0.06414333721707698,0.0029980872622001674,0.015415423432152804,0.0026688504322833558,0.0022803704090268453,0.020428098466096202,0.017152947948811923,0.020542392687729213,0.018916135447800825,0.009673939891185057,0.0032614417748809124,0.012953397598803073,0.005959603181178917,0.004646857607682848,0.05736556488112969
AAACGAAGAACATACC-1,0.01566743210843473,0.7717049464999591,0.0038493956939274782,0.01949351858451802,0.02618321327856879,0.002159137017491647,0.012201755608929126,0.0030503329495338897,0.006909482281059062,0.01524110588365655,0.023936988827005255,0.015164965564119486,0.02572214424562151,0.006280785791673566,0.0020380614915177985,0.012494702066200304,0.004120485549312074,0.0028810864320489176,0.03090046012642269
AAACGAGACGGTTGAT-1,0.009240345287490683,0.5187422098298452,0.025671851479024906,0.0666333173320583,0.01424645917930052,0.21499244038375795,0.004630788144739332,0.0012649888567312722,0.041575085547244546,0.00649391178093781,0.01849230046712687,0.002754290380129907,0.04209810380701389,0.004593739923825034,0.0030740919702437956,0.004859242802523823,0.0035558697161393385,0.008343099726647337,0.008737863385219393
AAACTGCTGGCTCCAA-1,0.015535500398644691,0.34313946025975584,0.09951514546572203,0.013625744176946135,0.02196413078196559,0.07866234688882408,0.004487415935396108,0.003631628067159659,0.226727620393499,0.0060025853214715486,0.09806542892435702,0.003626108833994351,0.0036421304363488333,0.003787386106774019,0.01344355343992108,0.004102615976737659,0.02368819575719229,0.026220800383865806,0.010132202451424481
AAAGACCCAAGTCGCG-1,0.0241979118764106,0.7119559494490708,0.005129986928201389,0.03258272280845883,0.011743096584121485,0.011146462385382444,0.010033637030931531,0.00435132689784757,0.005802572479789097,0.021219195440659026,0.004355313345926935,0.012193702307623752,0.025589153103242796,0.004761130243718962,0.0012080055316196887,0.01296123949101224,0.0037333777612007023,0.0033660035228898614,0.0936692128118922
AAAGGCTCTCGCGCCG-1,0.015333270432910634,0.6900766827770078,0.019875741391316107,0.010179368279546483,0.00933019115838227,0.01700113510904697,0.012852257427603197,0.002360858270702903,0.0895987600577551,0.014991167661008676,0.020602913820897226,0.008865851741824783,0.008301805627344725,0.0044264634483529245,0.003389320874325432,0.010850605356935755,0.016059217484184776,0.032747266535287256,0.013157122545567043
AAAGGGATGTAGCAAG-1,0.02336912252821382,0.7517521506744272,0.011832354954388438,0.012291586723456219,0.007049228477236679,0.036009951621348936,0.011269823384518917,0.009458681179951368,0.032801826347043914,0.011868383514446492,0.003182272729073964,0.01340023622634733,0.010552876668611448,0.003746775015889019,0.006125624022440127,0.010090742202676098,0.008256088769207094,0.00688978544153052,0.03005248951919224
AAAGGGCAGCTTGAAT-1,0.02376991066117567,0.6049376737725489,0.03055186852626464,0.04775645020930199,0.040310176473736234,0.005168952474870855,0.01221971118188328,0.002599334443629967,0.0037590394270578913,0.0182381889085969,0.007639650362444396,0.009443452797930891,0.04260131584943909,0.014182422449251443,0.0026967077791777688,0.01329530772160275,0.005563372502713839,0.005725454212470799,0.10954101024590258
AAAGTAGCATTGCTCA-1,0.010291340080067041,0.601501818594889,0.010503396414862661,0.011706506663301435,0.0063801825732247245,0.1755042792303335,0.007538095643933473,0.00155712055192435,0.08250407766703191,0.007339178786015298,0.0032187772619799745,0.004924420772917021,0.009021070528861815,0.009860132378243541,0.027466293884659657,0.0048307705169509454,0.004650084730165285,0.0033399640380432595,0.017862489682595014
AAAGTCACTGATGTAA-1,0.00879189022208118,0.8297954026882151,0.001699671009347084,0.015786649536351564,0.003260014984064706,0.003527537797066954,0.013284259458814677,0.002153813526017455,0.0019330990715431227,0.04025378969815568,0.002755159333620452,0.03650474273056856,0.004516578932446114,0.007265357827487336,0.0012782478181647416,0.011078504217852787,0.00395725839500356,0.002361390133382018,0.009796632619816788
AAAGTGTGATTTATCT-1,0.007560115545633846,0.8360882535700868,0.004196705380083079,0.030658061877265656,0.006698456683568621,0.003070233612003315,0.010497458137961895,0.0037564648656473946,0.0053643480173383865,0.017717993196186846,0.012985839652090174,0.008711973507739768,0.005701915095988186,0.004038963654894759,0.0012466373791050675,0.0136316924897923,0.006379439199602803,0.011209999748793475,0.010485448386217677
AAAGTTGACTCCCGTA-1,0.010892939370752764,0.6654339140445932,0.005423329183425772,0.04928527976850164,0.04685597964258355,0.002523606679220984,0.011973939329229757,0.0015396470506448662,0.0012368905009899828,0.019306587623472794,0.011780389061428548,0.01847247697152344,0.027766143047365438,0.014348614568973551,0.002243613397448412,0.013810425330811756,0.010424950225169939,0.006881860206287109,0.07979941399757647
AAATAACCATACGGGA-1,0.01765083133260833,0.7324357780861379,0.009016018294120126,0.028863172750178592,0.05882558724089267,0.0027613171683293263,0.011106743341302851,0.0019199718950717146,0.004398840148782316,0.018525868555208658,0.02023547158472481,0.01965165964314863,0.009796747167914472,0.005700690104394005,0.0030614163211902102,0.01818938304272602,0.003656514174046336,0.003979960233211245,0.030224028916012006
AAATACCTATAAGCAT-1,0.022106347112526775,0.4522949851380712,0.05957070808349868,0.013590204823140299,0.01198766426435735,0.07933263856985207,0.0042341579181243635,0.059356808067409374,0.15977971282955875,0.005614796275960606,0.06797497198720223,0.003431657442071186,0.005149102632369876,0.003870090276000344,0.008545835276244345,0.005804060347193011,0.010796416038229627,0.018288594898334256,0.008271248019855772
AAATAGGGTGCTATTG-1,0.04167956922592287,0.4338889484011051,0.026299021644953482,0.015747302664704376,0.011842511144265433,0.06260690934960395,0.005739094190465849,0.0028324169450805532,0.30570984670198104,0.00697243856242443,0.03380046492337697,0.002085662750592564,0.011949814946696296,0.004852507360696732,0.007424287596170174,0.0038069409397341976,0.0037831110791178885,0.008715709622644393,0.010263441950463687
AAATCGTGTACCACAA-1,0.005212368082291955,0.8537029539902941,0.002722986510090839,0.03836950453102426,0.002492516748537167,0.0029357917478051287,0.01065888847266206,0.004512697943409627,0.0020191634540408366,0.02490446701790907,0.0017672557260837646,0.01867299057151837,0.002696607367452986,0.0026931761444104092,0.0016540941508789648,0.011041030077805556,0.003390811437736621,0.00664335899590726,0.0039093370301411514
AAATCTAGCCCTGCTA-1,0.012215071746998039,0.33388670269183574,0.09169757708589414,0.05244795990788878,0.10189049325451818,0.022174311847023,0.005449494771406454,0.00455317040319748,0.06837177572507847,0.00672572868129876,0.01827582031975237,0.003140520248531724,0.03886640614205947,0.01481300679243461,0.037096188534829336,0.007165256439357093,0.014995722152747646,0.015980505140089158,0.15025428811505956
AAATGGCATGTCTTGT-1,0.00731366315401269,0.5335660444161593,0.015558353861490676,0.01221266409646961,0.0448522170657526,0.015923737284342404,0.0022674468646308624,0.28054512379595986,0.0019549880585852646,0.00440286756709496,0.007137532238187402,0.0010650807236207952,0.00881464758995674,0.005586541665582662,0.0014540477325877185,0.0053946995431270565,0.0015572250698545893,0.002916634424585922,0.04747648484799884
AAATGGTCAATGTGCC-1,0.004014906804978052,0.8615733013829014,0.008675355823307944,0.009534039597554491,0.005363004079104075,0.0014092516877534844,0.01079427251284225,0.002365677110083282,0.00155074260584269,0.01446794707812905,0.0042224780350332315,0.030616274188412104,0.007550744474208898,0.004460635832826424,0.0011272003636354244,0.012161227659380809,0.003255915198323456,0.007062996323707341,0.009794029241975248
AAATGTGGGTGCTCCT-1,0.019249134986800986,0.6996550624864695,0.0058725751771144955,0.02937763218605964,0.012425703058568792,0.004829219704730211,0.013684446291339171,0.057628469633016294,0.004967129756436184,0.022385578972657364,0.004421051261534646,0.024833149235667016,0.011947975462158106,0.00621375785117388,0.004447062415927069,0.01383156856566311,0.003753947381213449,0.014191265324728627,0.04628527024874137
AAATTAACGGGTAGCT-1,0.0097391629054329,0.4286428807824188,0.024357888859648475,0.024935428274870008,0.08318627244006477,0.0167819417178909,0.008112299434941461,0.0018624555820134785,0.012386677218620353,0.009470966758077605,0.01908130363012701,0.011574012310671067,0.04319311610290334,0.08525896448606886,0.020915766353940355,0.015537778699266406,0.008069644802050508,0.0033132454851569674,0.17358019415583678
AAATTACACGACTCTG-1,0.005876716335121859,0.7928653817159567,0.0042084574970879226,0.07118087217168374,0.006539645018660257,0.001104949569753054,0.010778964072281594,0.0014196648267584004,0.0010962333752593805,0.021772369017391362,0.001537252650161182,0.010520882216642572,0.01973903114719683,0.003834304830484585,0.0017373495054727947,0.01370715077660284,0.0038535595664760873,0.0026571587779177113,0.02557005692909117
AAATTACCTATCGATG-1,0.0209516898485918,0.6752877522140465,0.020827252750411633,0.028703097906490765,0.031245797831272275,0.005495784946649902,0.015638543573362862,0.003244414344833864,0.01898741829625761,0.020556449092893312,0.01679094325902497,0.02883653549492063,0.01149486234971428,0.004844574498650822,0.0033378245775592045,0.013931505857707584,0.008021896464384809,0.013510565010012217,0.058293091683214816
AAATTGATAGTCCTTT-1,0.021041144696034596,0.6505213177782774,0.011722608790757674,0.018202523244953167,0.012525912324785636,0.035625558775079925,0.014386616766194743,0.0031239641938787697,0.08653291205767143,0.02232056155792248,0.01886821660961221,0.02467442428825698,0.01331939985923531,0.0043240308569284895,0.0036183858805026938,0.017559645627628528,0.00999602308515962,0.010649763048085011,0.02098699055903531
AAATTTGCGGGTGTGG-1,0.009222872407826753,0.8638577518996418,0.0040846987831028945,0.013000997712431156,0.008050623412508949,0.002673475913846255,0.01317351428056305,0.0018596307591419595,0.005685425883969197,0.013301859021462057,0.006398797166850361,0.02318782258399084,0.005319316948243793,0.003787674163699345,0.0010177951674248007,0.01136010722947357,0.002201825590133841,0.0029868784160857476,0.008828932659604098
AACAACTGGTAGTTGC-1,0.012947906304724326,0.8115330431848469,0.003095583825787337,0.015461316016412267,0.01764905387793662,0.002084667651625071,0.010981442538648576,0.002558964405292747,0.005902159374919482,0.014170775812313402,0.013499881114876393,0.01727623412503014,0.0131486175073652,0.004002896433558445,0.007520128231613286,0.014118683298806504,0.002428825323153668,0.00422628223738636,0.02739353873570341
AACAATACATTGTCGA-1,0.01143978952731724,0.6751612626401313,0.013267090457765456,0.015096207175533487,0.010263353988401435,0.020155895956500358,0.011860023885273761,0.003471258136661019,0.060331103379067275,0.029385738482049402,0.027145551764617498,0.03616512932106638,0.006781666694743258,0.004026453256353259,0.014991607283716131,0.015877042452646595,0.011862659932692587,0.017447036170209387,0.015271129495254115
AACAATTACTCTACGC-1,0.012172266550144854,0.7632453857111586,0.012333671841700807,0.04256720084628997,0.007035586720342922,0.0077193329279677605,0.011826721756128823,0.00428933142414372,0.031897739797177325,0.01972564869060124,0.006571573501420429,0.012279878597739245,0.008692666612800755,0.004785563446207228,0.0034882883334135264,0.010967210560664891,0.0068586626758576795,0.017010807858883228,0.016532462147356836
AACACACGCTCGCCGC-1,0.02169654505621935,0.23101284658567117,0.09171681620898677,0.005155478816089869,0.007202568877701051,0.19805015995150801,0.0028014446572391747,0.00846405469746279,0.3075959282190779,0.002802316749337352,0.030757268444049864,0.0011938591626163193,0.003001289588436249,0.0021441827205084013,0.012686884210245794,0.0032940041543057454,0.014322778621633489,0.053248949385720896,0.002852623893189917
AACACGACTGTACTGA-1,0.006578651104613912,0.7504466601471703,0.008824780908601122,0.028123585451796124,0.008593139513234262,0.0511038523702772,0.01319721415828632,0.002733122108642359,0.01442830414544836,0.013594813828242182,0.012983559742413251,0.029705153386908153,0.005715463353285278,0.010802213622744585,0.0017225454556014843,0.011616185601315976,0.006579072638609615,0.013695395036352212,0.009556287426457359
AACACGAGACGCGGCC-1,0.01912940062438766,0.712717175473425,0.008562482822461751,0.019259197790331674,0.014175628853108432,0.0035245845201158687,0.013518462920103749,0.01148517813661815,0.020562005936026344,0.018179866692103433,0.012815695495243648,0.04699251794642598,0.016036306451728995,0.007045225675304214,0.010290956662941502,0.024460032742728177,0.01074523114249959,0.0064041255503573345,0.024095924564088694
AACAGGAAATCGAATA-1,0.015499330583044845,0.5258174838510379,0.04695504728074319,0.028337497394652682,0.0415282619402864,0.04802469337709449,0.003632637900023868,0.15675865282315876,0.042402743935820914,0.008019262742251471,0.03618725772166755,0.002752342999046858,0.007696119657011526,0.004862133950603841,0.006727145830734513,0.006647567651734806,0.005050306559902001,0.0037199360303709203,0.009381577770813315
AACAGGATGGGCCGCG-1,0.013689299422116179,0.7939075440137058,0.01290594627949501,0.027761453371389154,0.010586043700561144,0.015995957643126987,0.011262760651545816,0.0018532901986775816,0.0071501980363299,0.0210509950022056,0.005501942250068502,0.015477487020531103,0.0149793475321548,0.003263624569217592,0.004622162214674016,0.011723833992849264,0.0035152720226867126,0.002533521206951056,0.02221932087171391
AACATATCAACTGGTG-1,0.004743589813527468,0.8878565331722157,0.003012824386157751,0.016338091573132558,0.008927321086146467,0.0017268849869385553,0.006788121808935463,0.0032102565529621954,0.0016189302449223836,0.012350148655400605,0.004895531303351663,0.008632494828548233,0.007381688998486912,0.0031419977124443844,0.0005714045462919745,0.012426823015773086,0.0022521369772900276,0.002049674699624191,0.012075545637850198
AACATTGTGACTCGAG-1,0.015634018731558404,0.49537312089955604,0.028364476117294143,0.012701717600091297,0.03836328385732018,0.03802382896786834,0.009917674275450051,0.003272111600472678,0.13681454442984808,0.00792701085889688,0.08578788127641435,0.01814457981856777,0.0059259523472804275,0.009383129063304303,0.013902089220149487,0.011142998056797235,0.01643608887616257,0.043926848729927005,0.008958645273040623
AACCAAGACTTCTCTG-1,0.016364751176570685,0.6307945782751077,0.008638225026554983,0.05247672418625046,0.05703165351044885,0.0025137250037185854,0.010980039045054587,0.0016520056139005066,0.001139286151370782,0.019209777610946853,0.012748084765874183,0.009337239653897957,0.03518731599769099,0.013050258795125244,0.0019395246485275602,0.015543633836858112,0.009472538011129818,0.007511308238581765,0.09440933045239037
AACCCAGAGACGGAGA-1,0.010531871246446244,0.7984517974363118,0.005250025583558616,0.024920745918759778,0.005797842808791531,0.006366294550308296,0.014668417407293615,0.0029998057419476755,0.007983042262640266,0.026509178915295386,0.0055366777652671555,0.01136413549894773,0.020634451316434058,0.006812692091087191,0.004176943547265775,0.010285556942997518,0.0034744961614978564,0.003640236021803146,0.030595788783346067
AACCCATCCCATGATC-1,0.010595953244933846,0.5680016998988633,0.008124990313554034,0.03780842153970957,0.03099877580802985,0.07241458250717611,0.01735435663001798,0.0041697750757633475,0.046397503697593025,0.05078233972114781,0.009065139722752061,0.06969437141956507,0.009139006210758688,0.012979416054004449,0.003362406126750036,0.008691238060815185,0.013174253647258202,0.010540894812542183,0.016704875508765277
AACCCGACAACCCGTG-1,0.018648028306365645,0.5223683154851175,0.015294383434915668,0.0171389084746252,0.01653796095517372,0.07530121281742592,0.01233824689530685,0.00641065461209387,0.10263634871754326,0.017431368198281,0.017071904833534164,0.03657081293488418,0.017383804980249398,0.007002605289878161,0.01277106613701192,0.016516710621031872,0.023246693038944274,0.03535905266727167,0.02997192160034557
AACCCTACTGTCAATA-1,0.01617482619080741,0.57982531251648,0.011313693728705304,0.059784169675035165,0.10273463725230347,0.004966233147841463,0.008467557258729707,0.004049124451143263,0.0022394613950618716,0.014546417918384529,0.011696885906553971,0.010136267274174961,0.04768338367629756,0.020887950928233007,0.0052662745302527875,0.015402324452919754,0.013020353833317611,0.006622739302196183,0.0651823865615621
AACCCTGGTGGAACCA-1,0.014730276786370197,0.688847594102245,0.017232648866747868,0.020397460601242406,0.008246619616106086,0.022462773408740873,0.009146650150241043,0.00446980371623623,0.09859753786353682,0.01862979507232016,0.02231825012139858,0.014594900284122348,0.006782926931446446,0.0037530074236416175,0.004275801276491918,0.013563814914564638,0.006938773110457458,0.009699874614532186,0.015311491139557482
AACCGAGCTTGGTCAT-1,0.005297977445174546,0.7971045986253836,0.02426679951851835,0.010244865832534812,0.0072802400137897344,0.002899513916685894,0.006187687584062178,0.050070172918595585,0.010561133248975629,0.009029002935262391,0.0077835514989865046,0.011947241852627636,0.006641505542185917,0.0032470151634428905,0.0026989756436501464,0.01807602159932834,0.009590986974449567,0.005207308919040858,0.0118654007673053
AACCGCTAAGGGATGC-1,0.009706194156206022,0.7652952437312842,0.006436162993520054,0.01613589844126221,0.00395635926203096,0.00610182045008092,0.009947996761993122,0.0027352406594800664,0.013920042674433527,0.010959719515157862,0.0019298642805044902,0.009582158870006036,0.005836726045729267,0.014498654589265846,0.08708273894624334,0.010440912394453723,0.00864681321231814,0.005471067992193755,0.011316385023836388
AACCGTTGTGTTTGCT-1,0.01376465995644731,0.6058795588675462,0.021883279864910173,0.00951775928536122,0.009696930521937866,0.08232188906883688,0.00661574557672449,0.008322011709414726,0.13707721607088422,0.00773565157557183,0.02323731720045532,0.006583262883733103,0.0075482926175380735,0.003504008929351416,0.005430778429351588,0.009653963441784662,0.008917554297526706,0.026911921628666454,0.005398198073957824
AACCTTTAAATACGGT-1,0.039909272746115255,0.3625648115466627,0.02478785581445013,0.007039595767125909,0.007339008515473563,0.05336372319818601,0.004753268319747911,0.0041772739391191215,0.40656825911487166,0.005861529622478774,0.03123457664427706,0.0021217441855014034,0.00442042643013064,0.002703899045181506,0.004925649811035874,0.003973140158081682,0.0131591474659357,0.014129849407916775,0.0069669682677081955
AACCTTTACGACGTCT-1,0.01047953522186318,0.7886066968467067,0.013317982953860717,0.04518658492169387,0.007264659893794038,0.001899709920432393,0.008773268642215792,0.0025372450312055915,0.002971119675838708,0.01727638042813488,0.005407654029359687,0.008897482172229382,0.014084455012220914,0.005627757643649102,0.006270290689391352,0.01757475075955697,0.0028624129692181514,0.017037819529754167,0.023924193658874406
AACGATAATGCCGTAG-1,0.04094277268914099,0.3125623365073613,0.04726457136195402,0.004514056213601413,0.0059527859766630754,0.08988127666211629,0.004130554790676634,0.0016619001102508696,0.3714916948411065,0.004825607424595731,0.03427105765401632,0.0021248492002696366,0.0024774928415182253,0.0021244127512354124,0.013967472974331836,0.005568143520541788,0.016369603569775525,0.03637295291029607,0.0034964580005483422
AACGATAGAAGGGCCG-1,0.00517956667687041,0.8664394307325192,0.00324813999989095,0.018137897184303815,0.0058299670242692924,0.0010224533392620594,0.008882435427383031,0.0013747021047102444,0.003669502793852315,0.021088231432076023,0.0031158129945979187,0.027558437208087545,0.0043205930749361165,0.007126533980654236,0.0005920502746068496,0.011486626454727145,0.0022216409218362167,0.0012301418226215418,0.007475836552795272
AACGATATGTCAACTG-1,0.02340545510935884,0.811624693407374,0.008884743800682765,0.02732705029231731,0.007812137917230946,0.003590957173631062,0.012553634118980023,0.001848207891078477,0.005517763078646702,0.02014624178793625,0.004850393918650808,0.013370091104561306,0.008604773114743293,0.01050687469818011,0.002426396390793725,0.013256319343618478,0.006466114056549875,0.002365869860674304,0.015442282934991808
AACGCGGTCTCCAGCC-1,0.013055737344992473,0.6410528395871415,0.01790276636172426,0.016082623121250833,0.03458793835119476,0.0019167090892781963,0.0024453980917561306,0.22276027344635532,0.0027664957215009873,0.002764088941664096,0.0031467657885967436,0.0012350366880006446,0.007665109427251115,0.004598973788885172,0.0010255806452477568,0.006062223207794683,0.004184350549666522,0.0009074450802292679,0.015839644767469557
AACGCTGTTGCTGAAA-1,0.04447432046772089,0.3527849116638039,0.044448709474744295,0.010862710975374546,0.01577453711856348,0.13429645853676958,0.0038378282897460645,0.008296670294842415,0.25588028069142454,0.0038057932950931804,0.039803817823359816,0.0017939241884251458,0.003937649015256846,0.0035636788019534666,0.015530053492166492,0.005400700957874793,0.01607877829258141,0.034923270132841,0.004505906487457918
AACGGACGTACGTATA-1,0.010917329216859619,0.6457252528099477,0.015219751143460934,0.018989722554461033,0.007449915117586912,0.01878694285537786,0.013790404398560442,0.0029909079093676126,0.08929017205676026,0.022967142649362973,0.037879124351473975,0.031006362823770933,0.007301821790127084,0.00391797774870242,0.02228729316095157,0.012467462482765375,0.007514587953459178,0.01728632343786941,0.014211505539134773
AACGGCCATCTCCGGT-1,0.014420923691274063,0.652500716522058,0.015227051498164342,0.01755173731533487,0.00828921551264607,0.05663720924618833,0.00824338699077514,0.006158277051299749,0.07563418344418221,0.01113564051892222,0.009555488803114054,0.00601351511687734,0.02315041774872052,0.0032322075888653453,0.005520260642324682,0.008447791221410966,0.007090927029129286,0.008717723972982046,0.06247332608573072
AACGTACTGTGGGTAC-1,0.012202905914839383,0.5952340237776226,0.030446369397191947,0.021912151896698092,0.004351701526502152,0.06601979967852961,0.005412854168208238,0.0018788712982263057,0.18340842268778873,0.010149312401314482,0.00674964059871764,0.005458567835734753,0.0024192475336276484,0.002160115175227214,0.019856488530922985,0.0060295880003694655,0.00481512261640217,0.015074587678151239,0.006420229283925251
AACGTCAGACTAGTGG-1,0.012210217066724408,0.3979658819216986,0.008653017076069826,0.08610568614012197,0.1905260792145336,0.003099085031318385,0.007584702940713645,0.002279887950345854,0.0011177294647553042,0.008775610187185196,0.006446584067212537,0.027599930823637615,0.045766281265665724,0.028467217247857127,0.002645836224961492,0.015636042064591953,0.005181704278900433,0.01311669280488505,0.13682181422882123
AACGTGATGAAGGACA-1,0.022415995951283962,0.37212406331165987,0.012520229566975793,0.0847712257074596,0.10936954023506897,0.0036072668128102735,0.011349995820418433,0.002999235140407104,0.0015925239216329488,0.019601032742118288,0.008052981860350208,0.019017301075569773,0.0672637586561405,0.026997813953226757,0.003073925700191764,0.009727985826438421,0.007262198651299618,0.004999334415769524,0.21325359065117827
AACGTGCGAAAGTCTC-1,0.020755593687236003,0.7001188705218314,0.010928549582002074,0.04524573354994434,0.015632750190679365,0.03868474255672874,0.005325470760102078,0.05785843771968804,0.009956437754202341,0.010954651939739424,0.023338532233813315,0.004532427435209916,0.00963203584184039,0.003072578919167583,0.0036044861896182222,0.01395477206973519,0.0069304901771753795,0.0036052284086393513,0.01586821046264684
AACTAGCGTATCGCAC-1,0.01223263734373633,0.8081047914848652,0.0069541812917513456,0.01648287303415634,0.00747799665682742,0.0012703398117538559,0.01321557829070315,0.0031018890846959218,0.004053409906864657,0.01917069157441493,0.0026499627658210343,0.016170308894615012,0.015999259443541792,0.006527294662692754,0.02277706351470172,0.01890011625849641,0.004066877176702393,0.0026037575986967406,0.01824097120496291
AACTAGGCTTGGGTGT-1,0.009158645556821058,0.6751596943955066,0.013908060990759502,0.013583807292001447,0.01687697791373222,0.011106535968404309,0.014228564481457517,0.0035130577712263245,0.08600935216902109,0.009695377756258915,0.014067785324416169,0.022394819622520566,0.008689559131527273,0.003821313649060168,0.006848192010206454,0.009774560579254073,0.04153613576422393,0.021392399537373447,0.018235160086228972
AACTCAAGTTAATTGC-1,0.007256615632991505,0.8166427381316274,0.012332427258575872,0.03173553179284836,0.003924324304643696,0.002968846390325878,0.011066206658147603,0.0036530337775230177,0.016807496507100082,0.03170614038559011,0.002424462858249826,0.013198210368430574,0.00891720382008548,0.0037846784871213295,0.002146570015336155,0.013065991122680155,0.0032015489222913863,0.003899348835469318,0.011268624730962497
AACTCCAGAGCGTGTT-1,0.008545627734943783,0.5611261637693202,0.015621925705844617,0.0054201837607405655,0.005524235562636404,0.010758884975261925,0.0030543436583810976,0.001056425632697751,0.12484210460454973,0.003279584983471943,0.0078013161363518395,0.002565209431675494,0.0045368388127807755,0.0021211099215694886,0.20659943795627697,0.006211175606372881,0.008067313696076979,0.014969392634304156,0.00789872541674349
AACTCCTAATCCCATG-1,0.009801766952880967,0.7966122189848954,0.002706438683496958,0.056161239073259005,0.017523896900042937,0.004555565576444952,0.016592568354286633,0.002464168780301887,0.0018392428503362984,0.026364540488564594,0.005824361050045176,0.013284807358116092,0.0073344086623070995,0.006707856691611824,0.001632084245525696,0.010047832874320055,0.004408134318992491,0.0023316759465005148,0.013807192208071516
AACTCTCAATAGAGCG-1,0.018549065196817406,0.6819538093908508,0.02104919319729336,0.029066868781976268,0.032000810960037776,0.006772580279664528,0.013550343123517125,0.0033703303751803156,0.049682915227114086,0.015807406314859367,0.022937901479986714,0.024394869683277885,0.018550803021521952,0.010475930758553496,0.0024977697704840316,0.015613933318014226,0.004001417436908991,0.003838473414363105,0.025885578269578366
AACTCTCAGTGTGCTC-1,0.0196072450045778,0.6173230978693517,0.01326231060092722,0.009408572907204793,0.01023336160644246,0.049300009249368386,0.008812947417480154,0.0027943485242761246,0.13862452895501576,0.01428350295309133,0.024580955959186128,0.00590634184412658,0.008292206961118506,0.0044578598827832066,0.005549301232261905,0.009088255624027704,0.020413108744098483,0.02673650905478595,0.011325535609875523
AACTGATATTAGGCCT-1,0.026106495127540263,0.4577702638233931,0.052372970629878,0.009620064400883832,0.03771859349614066,0.06894107446654393,0.004439350757421264,0.05221735516279392,0.15759155031369662,0.004464699503118536,0.034767099451275596,0.0022905257944914052,0.008875970024271162,0.0063431071847539705,0.010288035400234251,0.006314850738860279,0.007477109851737848,0.02108006128366681,0.03132082258929843
AACTGGGTCCCGACGT-1,0.00850196646641197,0.6137849454597915,0.007320592966102652,0.004894650993251366,0.04045710794127295,0.010451257270932329,0.0030118839278739755,0.23694964414395636,0.0025645420678020035,0.0027710181975714866,0.003327244412377276,0.0016948481758720761,0.008162171911658678,0.004990752430426195,0.0013152213794871365,0.006247092763163468,0.0037954169604595793,0.0012020545168904763,0.03855758801469874
AACTGGTGTGGGCCTT-1,0.008128409046423049,0.7923503121369027,0.013681638493026685,0.015160121862462558,0.022395013447659762,0.007536629006292641,0.00861020138809,0.0026234639724967614,0.019509331741152748,0.009979870347279549,0.010823772047614602,0.007025196805150545,0.02973219330176192,0.003971508130300877,0.001786388002151316,0.009668739788885574,0.0033759944340100542,0.0024874582331215764,0.031153757815217207
AACTTGCCCGTATGCA-1,0.015358713552478904,0.588608615716129,0.02453694728337125,0.023319252000823014,0.01186733072311623,0.022765918666640014,0.01115862254925405,0.0035105741783147486,0.1001992627883295,0.017539798129951226,0.023975475461047,0.019594708760903915,0.01027896619955074,0.005434220068863623,0.005575388383577242,0.010423182580848086,0.019769137503713837,0.06289141927470174,0.02319246617838612
AACTTTAGCTGCTGAG-1,0.010687290536919546,0.6814058609276106,0.004864189973074408,0.012756096292715806,0.01695154960462072,0.002283245275484386,0.018005105807243467,0.0037424627308134933,0.005868424013377781,0.04976858483368519,0.034508557763787744,0.04177422558798929,0.019496127119322214,0.004249339216058589,0.0016264481537644733,0.014912246940310472,0.005686318639226975,0.005163421628694179,0.06625050495530062
AAGACTGCAAGCTACT-1,0.015531798843329125,0.7457315663824092,0.009497093701501699,0.022097085092937695,0.02412369822428865,0.030307812051723077,0.00894550510192803,0.018007324632805834,0.019710057508893732,0.008470960471838594,0.005529239201595166,0.013740387913945903,0.014076858035969812,0.005412142585668814,0.012305051777674129,0.014106657749777674,0.005142593499221642,0.011311306986641526,0.015952860237849774
AAGAGATGAATCGGTA-1,0.016585989025595792,0.6853857909160195,0.03461175504982307,0.013711296813625125,0.01880276567280372,0.008895204801504875,0.009389957266751849,0.001954051177283163,0.07174623905406877,0.010202332123598869,0.015210173568884489,0.007709516812909878,0.018773741271884116,0.005609387819380803,0.00640478449793957,0.009307472305995964,0.006048452918887023,0.0343194580166921,0.025331630886351424
AAGAGCTCTTTATCGG-1,0.025151196740296044,0.5075486943371335,0.07727427941822469,0.014487324168043578,0.03030335447693008,0.04941379557356016,0.006807106547358852,0.006083825703212839,0.17036083167505744,0.00908552594893998,0.024982702934692614,0.014422403122931022,0.007287017025992053,0.006481930927333962,0.00560911897684902,0.013283700966177123,0.011571837595296426,0.009297081258728898,0.010548272603241841
AAGAGGATGTACGCGA-1,0.011087539252244287,0.6884014360932172,0.006035611115887012,0.053103554643516876,0.0333887933278188,0.002779247014586407,0.012958979918624445,0.0031466775206390094,0.0025416648331883776,0.0226572204603335,0.01940624042905655,0.009096014081510714,0.03181266760234088,0.005880542045523229,0.00232512327148901,0.009772278617949359,0.003994917560212985,0.004091662353719916,0.07751982985814139
AAGAGGCATGGATCGC-1,0.005867377764803442,0.8044165545734602,0.004289871992202137,0.00977895618455018,0.010582140288190264,0.0054898302100677325,0.011469605021502006,0.004582135740590056,0.013435051301575822,0.011822251014296528,0.021737893028309363,0.04806000923202773,0.006759534540394307,0.003566435425074283,0.003320530346393105,0.014238090693829399,0.0059596535010826195,0.0018156185919758006,0.012808460549675183
AAGATGGCACCGGACC-1,0.012485832807479051,0.7598709649172352,0.012285103879946553,0.012203164362873987,0.006937652544016397,0.014278035329991676,0.010895096852205927,0.004736350683813395,0.021932172588873724,0.015077495151739303,0.00896391931237536,0.020661792512391513,0.011610153029007038,0.003543540640242639,0.0076308794706001215,0.019258515101472123,0.025500087594841497,0.018731039953349276,0.0133982032675454
AAGATTGGCGGAACGT-1,0.010695818475905788,0.787691430836881,0.009598057168209067,0.053053421743477554,0.008841330445635957,0.0034924021992001125,0.01186521481348208,0.0016129717942641212,0.00616933009306489,0.014784088754571763,0.0024840972142985153,0.012815779738578531,0.016390216076059616,0.005948002486772191,0.0024283602970573506,0.015542756298892643,0.002310999531684071,0.0038218627725489954,0.03045385925941592
AAGCATACTCTCCTGA-1,0.01318352737589862,0.46373553826508884,0.03819449570758891,0.019760103034178907,0.01670454786874315,0.04720326972598477,0.006776615630577184,0.0033006883819901066,0.2755011268233452,0.009338898601344677,0.030276045574438595,0.004006556904696996,0.003722629913450345,0.0070461306321015675,0.011518607827797586,0.007693567788072006,0.01772446334338194,0.019362606538807812,0.004950580062512638
AAGCCGCCGTGAAATC-1,0.013455462728993074,0.5336732284917024,0.026550862112989546,0.013778841046153527,0.017324226054432196,0.1398619397153205,0.006929959434156995,0.007977259405782694,0.08817319238744042,0.009561990298065981,0.018602942709976242,0.006222631119833761,0.006621880403599318,0.005967598714630406,0.047190760794548856,0.006080180713344507,0.0167749987181945,0.02622106546848559,0.009030979682349564
AAGCGTCCCTCATCGA-1,0.021823802739516122,0.4600957874168046,0.06305797297220107,0.00812587902891111,0.012945382892991944,0.09583617031355397,0.006093800954561417,0.0056455828810855965,0.1686311428795468,0.005195102556487598,0.04441365957033545,0.004534416247954639,0.0166905731051333,0.0024477338014107053,0.0060495697239282605,0.006224563338077526,0.007069035074765502,0.03297888613838731,0.03214093836434726
AAGCTAGATCGAGTAA-1,0.010409023084633462,0.49896527874499713,0.07168811911150012,0.024098687777574904,0.012490807179582532,0.07209638576225287,0.007610058796245865,0.0020606456342294878,0.14435380488152355,0.008640861198970734,0.015981477990724937,0.00915112901550843,0.006034906601483853,0.005883293496990732,0.020755479688828953,0.015781237944641095,0.01351949645450466,0.03878978433914494,0.021689522296661757
AAGCTCGTGCCAAGTC-1,0.0077082627111875164,0.6678408164576183,0.004831402447044707,0.01576643496544181,0.0147927571566996,0.021942408607857268,0.0057165796113285965,0.1150127716327473,0.006058485812370726,0.008972723556495263,0.040030108993983425,0.005645286155294313,0.008878601661090337,0.04167295422457929,0.0027548026955082575,0.013062324827055756,0.0032096154562104465,0.0019435849739281637,0.014160078053558784
AAGCTCTTTCATGGTG-1,0.021827400757721736,0.2902416584299872,0.036165220531150025,0.0050227294053272736,0.00760703574240541,0.0856864717985869,0.0042536988412356655,0.0040448538043217795,0.35132530814070695,0.0023403434138060952,0.11481015099693047,0.0014543483950730494,0.005828081472414166,0.0030006435728177653,0.015298779796479643,0.0027048748948177367,0.012217226497702613,0.031034817700867443,0.0051363558076482334
AAGGAGAACTTATAAG-1,0.009640565224940665,0.731113761590022,0.00584335159703688,0.025192682191722115,0.013241944956380489,0.0637599523592695,0.015027433330788934,0.0037530149063313757,0.006038535397972965,0.017731246412064472,0.005909936352953339,0.050901956533453654,0.008713751448541248,0.0056542562332697,0.003933131049761011,0.011363520776406549,0.003755801123012365,0.005429224337414705,0.012995934178658493
AAGGAGCGGTTGGTGC-1,0.020958152117661933,0.7234792798033826,0.03743567639020143,0.044920055304774054,0.03246641506247817,0.003005532352189129,0.007452204134816752,0.0016529050940576324,0.0027043731284942217,0.012738103168960178,0.0025782426067612564,0.013008984965119324,0.014950470853323709,0.018689576828817896,0.002846986993082942,0.023414144475125576,0.004103343334190762,0.0020435919690760837,0.03155196141748651
AAGGATGAGGGACCTC-1,0.006073172205480374,0.8586963855651906,0.004985060011180206,0.01776426356770692,0.005728842851250441,0.0017852749969771138,0.015198505479249754,0.002419654517852101,0.002027974825338426,0.022651819025471892,0.002261287302574433,0.012862969271527462,0.02265107810208112,0.00266000643020837,0.0011049656216901857,0.006999344526158251,0.0018475698913564442,0.0028660731205961023,0.009415752688109784
AAGGCGCGTAAAGCTT-1,0.016321513738409413,0.5718292249434452,0.008187759881499168,0.07895851144092295,0.09285372888730163,0.002856278348353736,0.005198158877485293,0.0024095388229480198,0.001448411032399834,0.007736503413292786,0.005225228684051589,0.003127263333888341,0.05336260917145033,0.014566639495778732,0.003498416345210614,0.0069264477901727775,0.005149881373979342,0.002266882798224869,0.11807700162118552
AAGGCTGTGCTCATCG-1,0.008090445792704218,0.8328585920693331,0.006620080146766019,0.014757021437490412,0.009256787552207404,0.005820018385661032,0.008389959377643386,0.001918169203146551,0.002157227921468515,0.009527932495621512,0.003678557268298154,0.005867258689935191,0.02391918816890716,0.008226116681558546,0.007156558859764444,0.010330863732826422,0.00726075285443835,0.005269966954684264,0.028894502407545417
AAGGGAACGACTGGCT-1,0.018411245593303607,0.5050431975553624,0.018620196170243054,0.014112570583154823,0.012164007403094784,0.15159278850145602,0.009623490594608809,0.0028622704649423638,0.08265359869189155,0.030248052703401633,0.060696155996521214,0.01054084166275669,0.007408167627308814,0.00809753828738516,0.01196017161864419,0.007447675838271014,0.012874493897210768,0.015299081823464263,0.020344454986978865
AAGGGACAGATTCTGT-1,0.013115614164685563,0.7533384738228275,0.012213663049208739,0.026644181497326,0.008761360986352931,0.006944909266790018,0.010659940993921578,0.0022793307652477753,0.00758058362188206,0.014722032204253927,0.014003814845496147,0.01892890198481524,0.021783104660732536,0.004204210019530489,0.0014825142279599392,0.03309281384059593,0.003327671789277938,0.019588513083584294,0.02732836517551181
AAGGTATCCTAATATA-1,0.026999263359167566,0.4099765415334512,0.027272119729857693,0.09498828317846034,0.10649023723527153,0.012842631928266018,0.0068840554661177295,0.003318378282758332,0.004137961068446803,0.011443795054515489,0.032191565366612766,0.0033574583676559216,0.05492032778047949,0.019696846829553877,0.008481156759150024,0.012679541048878537,0.017381368888175788,0.008144001413726898,0.138794466709454
